图像 1441x1920
校园框（图像 px）: x 424~1205  y 805~1134
标定: 1 切片px = 4.97 图像px（东西） / 2.29 图像px（南北）
尺度: 1 切片px = 3.5m ⇒ 1 图像px ≈ 0.70 m（东西）/ 1.53 m（南北）

【真实湖】中心 切片(83.2, 220.0)   蓝色域 8528 个采样点
真实湖 bbox 切片 x 61.7~109.6 (47.9)  y 165.9~267.5 (101.6)  ⇒ 168m × 356m
真实湖轮廓（切片，48 点）:
  [64.1,217.3], [63.1,211.3], [62.6,204.8], [62.4,197.8],
  [61.7,188.8], [62.2,180.0], [64.2,172.9], [67.1,167.7],
  [70.9,165.9], [74.8,166.4], [78.7,171.3], [81.9,177.8],
  [84.2,185.1], [86.0,188.7], [87.6,191.5], [89.0,194.1],
  [90.5,196.1], [92.1,197.8], [93.9,199.6], [96.3,200.9],
  [99.1,202.9], [102.0,206.1], [104.6,210.7], [107.2,216.6],
  [109.0,223.7], [109.6,231.5], [108.6,238.8], [106.2,244.8],
  [103.2,249.1], [100.4,252.8], [97.8,256.3], [95.3,259.5],
  [92.5,261.4], [89.8,262.7], [87.2,264.4], [84.6,266.3],
  [81.7,267.5], [78.9,266.8], [76.2,264.9], [74.1,260.1],
  [72.5,254.6], [71.1,250.1], [69.9,245.4], [68.7,241.0],
  [67.8,236.5], [66.8,232.1], [66.0,227.5], [65.0,222.6],

【真实建筑】按面积排序，共 0 块（切片坐标，0×0 起）：